#SampleID	collection-day	NUTRITION_CALCIUM_PRECEDING_DAY	NUTRITION_CALORIE_PRECEDING_DAY	NUTRITION_CARB_PRECEDING_DAY	NUTRITION_CHOLESTEROL_PRECEDING_DAY	NUTRITION_FAT_PRECEDING_DAY	NUTRITION_FIBER_PRECEDING_DAY	NUTRITION_PROTEIN_PRECEDING_DAY	NUTRITION_SATFAT_PRECEDING_DAY	NUTRITION_SODIUM_PRECEDING_DAY	NUTRITION_SUGAR_PRECEDING_DAY	
Stool1	0.0	NaN	NaN	NaN	NaN	NaN	NaN	NaN	NaN	NaN	NaN	
Stool2	1.0	459.2759972	2169.096992	269.9760566	306.7199955	69.9737981	27.48480046	121.0242804	8.045509922	3306.275992	28.62638021	
Stool3	2.0	502.7521281	2082.590738	223.2927916	243.4802818	87.05925351	23.35257703	96.24687505	30.00545592	1887.19175	60.14390744	
Stool4	3.0	481.4224992	3048.030941	447.732461	163.3474998	117.7488035	24.26071861	65.86765957	41.49780266	2658.950011	238.8472483	
Stool5	4.0	963.6924996	2886.947506	392.7077019	169.8800049	113.4066237	41.56850028	83.02069914	24.47026513	2873.777537	233.6912485	
Stool6	5.0	651.9949961	2867.537495	482.3457727	198.9674988	65.00524916	22.57599992	78.34952563	20.7955973	2327.97003	218.533299	
Stool7	6.0	1355.102659	2889.136671	336.8310451	380.0187931	122.4685166	22.34380019	117.1921465	30.89025237	3225.523337	148.0275227	
Stool8	7.0	845.2853379	2900.844763	517.8185101	199.508791	53.00759773	23.25119989	96.06179023	14.89386155	1934.939163	248.8018216	
Stool10	8.0	782.9999981	2430.589999	439.2449999	192.0	42.32119989	30.58799973	75.63760006	12.29138004	1592.039999	207.2917957	
Stool11	9.0	653.8799963	2051.446979	350.0630217	143.3444398	35.38808296	27.86851889	93.57291859	11.64235499	2059.846136	110.5919975	
Stool12	10.0	604.1137238	1821.498302	286.683018	111.2761192	55.48702708	15.55307451	55.41155525	18.26331769	774.1913213	138.6228851	
Stool13	11.0	660.8010015	2566.282519	364.4883509	112.0	51.22940007	12.61370015	88.20645079	8.74208135	1658.836006	147.142599	
Stool14	12.0	1165.410698	3132.495355	390.8781891	240.4232466	119.7729557	19.41399997	93.10560639	46.97203556	4185.83243	162.6165898	
Stool15	13.0	528.0999961	4100.321419	515.3545623	564.3799992	157.6320418	20.23014259	100.7367857	51.02799262	5429.155687	157.0941992	
Stool16	14.0	1048.5	3162.590005	415.2726021	370.6399994	98.66300037	13.41199976	128.8152023	28.61288005	4818.440006	159.7969985	
Stool17	15.0	709.6599998	2261.260008	366.5906025	187.5	51.77500004	21.16200005	81.62080021	19.65982001	3328.88	210.7509997	
Stool18	16.0	782.3399973	3617.739985	510.4579973	410.8799992	113.9181991	29.472	147.2521997	41.29245995	5347.079994	142.717999	
Stool19	17.0	706.2813568	2081.447993	293.9068966	141.25	68.86648242	13.85333797	73.44456783	18.67191897	1770.815471	141.4285678	
Stool20	18.0	399.8251216	2441.330138	337.7867348	141.5743902	93.30130704	34.25443919	74.78031916	31.70983216	3626.772865	125.7619185	
Stool21	19.0	647.5429333	2139.249287	303.2670082	104.5	64.9655077	30.0795081	58.28337972	28.26797099	2139.507539	161.5277307	
Stool22	20.0	554.5600014	2733.06192	274.0890274	547.2600098	124.1590004	16.25	111.6685991	41.70928025	3662.725336	129.272728	
Stool23	21.0	217.3733298	1753.726907	198.4379172	100.0	82.9707607	14.18980042	66.57761554	17.18051288	3159.123654	84.52600153	
Stool24	22.0	1122.439996	3106.425089	536.4070892	129.5	51.73199819	44.25200033	122.2226044	9.147659766	2483.962258	208.353492	
Stool25	23.0	563.5006831	1920.687346	265.4126697	180.0	65.31967197	16.30292162	64.08692547	19.33671068	2226.963622	87.48735178	
Stool26	24.0	651.3515058	1521.755625	222.2525041	95.0	52.83849857	16.37151831	58.03243402	15.87567821	2624.80526	96.56818175	
Stool27	25.0	792.7485063	2270.721739	259.8987205	412.2880268	72.48007087	7.385225236	100.8401669	15.08756566	3109.553837	81.99413694	
Stool28	26.0	694.3071057	2848.700012	327.0262755	421.6049564	102.6083732	28.86213308	122.9241297	29.98332885	4228.447315	162.1953886	
Stool29	27.0	373.3449969	2927.538673	353.0116109	511.4528136	114.6382842	12.43066174	105.3222566	45.42978526	4587.579371	131.4273309	
Stool30	28.0	445.8000002	2873.752586	346.2123451	554.5714264	109.4852543	9.274857104	129.2216282	37.03594566	5215.49313	126.4023898	
Stool31	29.0	819.6257381	2790.327927	338.760299	344.3340683	100.8396648	7.632000029	108.1236045	42.66029019	2000.032124	188.4818969	
Stool32	30.0	890.7157345	1720.177922	292.0209641	49.21406555	41.48294315	48.79240027	80.93279631	15.89287698	1623.383089	96.56784468	
Stool33	32.0	198.3159993	1869.265003	220.7088158	299.8373985	52.21695943	8.590335011	105.8171736	19.45355268	2973.463823	99.86436704	
Stool34	33.0	658.1989296	3536.124865	402.3529659	329.97013	106.6709761	21.91267567	123.8813428	29.69389847	4007.894043	61.84751376	
Stool35	34.0	530.352869	2575.513268	316.787137	323.6070328	91.96303183	8.014000058	133.3383017	27.824075	3518.543053	110.9904328	
Stool36	35.0	1021.290022	2822.630029	294.6139062	167.8000031	133.6330008	6.674000084	89.68880112	17.34889	1928.420012	151.908603	
Stool37	36.0	442.9200001	1725.960009	312.0086021	116.25	38.01360001	20.38200003	48.42740026	15.12878	1864.2	111.079	
Stool38	37.0	430.0250022	2073.639997	386.701802	27.5	37.02929981	31.28750069	63.69355161	12.87779	2200.545005	145.7777499	
Stool39	38.0	504.5400196	2959.125062	423.1425407	258.1537914	107.5662533	22.98992118	97.66458097	35.3670775	6546.592272	113.0183218	
Stool40	39.0	922.3399894	2279.23246	397.8122466	204.0937424	52.71839922	34.80725037	74.6238476	22.85692994	1058.066241	210.622297	
Stool41	40.0	866.166501	1564.984276	236.9236736	69.54999924	46.86165941	20.38394999	60.20377332	9.428866692	2192.265249	170.6804247	
Stool42	41.0	678.0690036	1784.288023	259.5011244	291.6399994	39.54096088	18.36655048	88.7637676	9.912693074	1723.32351	126.6060005	
Stool43	42.0	485.0897803	2594.487481	385.986995	220.4200001	81.45701437	24.903184	85.60554019	23.14899138	4657.833149	166.4400991	
Stool44	43.0	575.2604775	1946.493605	324.3745549	137.1000004	46.4910163	21.43200043	64.00220035	19.37521151	4476.160328	150.1943922	
Stool46	44.0	601.6677621	2445.881813	387.3215048	131.9099992	76.29548053	27.90678108	65.63185383	20.78402444	1982.867244	189.7093277	
Stool47	45.0	658.6941364	2851.394848	442.0122627	210.6470575	105.3718027	29.93873508	56.83579069	38.29338291	2733.427669	263.0407655	
Stool48	46.0	930.9382892	2335.336294	387.180614	241.6268716	57.86443739	17.67010696	52.31903337	21.8882643	1743.573512	257.6591122	
Stool49	47.0	790.3759983	3331.392003	526.2315619	273.0	93.8389219	30.12840021	112.0285617	38.64244731	5585.396	250.7916403	
Stool50	49.0	379.2920082	2255.648628	268.3103034	39.5	160.7061728	31.33547155	54.77081697	27.14786456	3574.610654	133.3687449	
Stool51	50.0	796.4890107	3081.219064	360.3180811	373.8000154	188.5668235	17.40760003	93.44846328	52.64186272	5296.287244	160.9305027	
Stool52	51.0	557.9399972	2100.880011	249.7886026	286.0	69.6076998	37.94050168	102.8814516	24.15403001	2954.794999	88.02525195	
Stool53	52.0	958.282496	2390.334993	403.9954035	131.7000008	54.97290049	43.3685009	94.63315226	18.36125017	3159.600011	157.4627496	
Stool54	53.0	896.2907915	3937.334086	360.670454	262.0	138.6471733	13.34123385	90.71843377	39.33075629	5119.126942	173.8000011	
Stool55	54.0	840.2159998	1706.131999	279.8115599	49.0	54.08252	17.66240001	34.28535999	15.11128802	1501.836	148.86764	
Stool56	55.0	469.4500012	2129.365028	296.292708	189.8400021	61.7771026	14.61350012	89.10150307	22.80034078	3684.125048	86.67700054	
Stool57	56.0	562.0743418	1931.057763	229.3253764	731.0987892	59.65075626	2.379500031	113.0663316	16.00331437	1369.550153	123.1516258	
Stool58	57.0	532.8280015	2057.824014	270.0993611	203.3099999	71.88975986	4.876199991	83.04268016	19.796736	2464.591999	93.8311609	
Stool59	58.0	772.4100018	1746.440004	245.5097008	126.25	58.69310064	15.79199997	66.68460001	9.973709946	2784.190001	84.19579959	
Stool60	59.0	768.1940007	1736.282514	284.560031	224.6131378	38.72023148	11.18373787	54.73627801	13.18706151	1474.897407	181.3146788	
Stool61	60.0	1048.043343	2971.95477	430.9206077	254.7887909	97.07423683	13.16660015	145.3600713	43.01936749	3638.401164	197.571705	
Stool62	61.0	871.9399977	2498.865	385.6314971	335.3500061	75.62660008	17.23549971	79.31929965	19.19235999	2841.799969	124.8308984	
Stool63	63.0	583.828012	1902.716501	223.3709368	532.0499916	72.80736942	11.03604991	93.80941124	31.527668	1488.035015	75.49553965	
Stool64	64.0	289.7666674	1116.873342	144.0484338	154.6800003	42.30526678	5.123333186	42.57296737	8.203383506	1074.050001	67.13036657	
Stool65	65.0	680.3156655	2236.010335	296.9652437	246.2349991	89.39025663	21.3843334	74.04122695	28.85860124	2708.807994	119.659207	
Stool66	66.0	977.4666653	1818.960475	181.9985615	169.9942868	89.69798118	11.40890473	70.5497523	33.17331622	3074.968588	52.80595259	
Stool67	67.0	890.0800018	2620.380014	299.5992989	260.5900002	118.6478005	27.82800001	91.96680065	29.9437708	3024.540001	115.2037002	
Stool68	68.0	115.0725	2320.031747	363.669657	106.0	29.85620003	20.19950008	58.45434968	8.583699999	2505.469606	102.2601569	
Stool70	69.0	517.1766682	2055.893347	283.5657892	293.4199994	57.17546707	6.342333317	90.9884693	18.58820335	2019.265005	115.3092674	
Stool71	70.0	287.3749995	2329.880072	272.1323965	422.1599998	98.70074978	11.24950004	93.28880035	42.037665	4334.717256	68.93939263	
Stool72	72.0	NaN	NaN	NaN	NaN	NaN	NaN	NaN	NaN	NaN	NaN	
Stool73	73.0	NaN	NaN	NaN	NaN	NaN	NaN	NaN	NaN	NaN	NaN	
Stool74	74.0	NaN	NaN	NaN	NaN	NaN	NaN	NaN	NaN	NaN	NaN	
Stool76	75.0	NaN	NaN	NaN	NaN	NaN	NaN	NaN	NaN	NaN	NaN	
Stool77	76.0	NaN	NaN	NaN	NaN	NaN	NaN	NaN	NaN	NaN	NaN	
Stool78	77.0	NaN	NaN	NaN	NaN	NaN	NaN	NaN	NaN	NaN	NaN	
Stool79	78.0	NaN	NaN	NaN	NaN	NaN	NaN	NaN	NaN	NaN	NaN	
Stool80	79.0	NaN	NaN	NaN	NaN	NaN	NaN	NaN	NaN	NaN	NaN	
Stool82	80.0	NaN	NaN	NaN	NaN	NaN	NaN	NaN	NaN	NaN	NaN	
Stool83	81.0	NaN	NaN	NaN	NaN	NaN	NaN	NaN	NaN	NaN	NaN	
Stool88	84.0	NaN	NaN	NaN	NaN	NaN	NaN	NaN	NaN	NaN	NaN	
Stool89	85.0	NaN	NaN	NaN	NaN	NaN	NaN	NaN	NaN	NaN	NaN	
Stool90	87.0	NaN	NaN	NaN	NaN	NaN	NaN	NaN	NaN	NaN	NaN	
Stool91	88.0	NaN	NaN	NaN	NaN	NaN	NaN	NaN	NaN	NaN	NaN	
Stool92	89.0	NaN	NaN	NaN	NaN	NaN	NaN	NaN	NaN	NaN	NaN	
Stool93	90.0	NaN	NaN	NaN	NaN	NaN	NaN	NaN	NaN	NaN	NaN	
Stool94	91.0	NaN	NaN	NaN	NaN	NaN	NaN	NaN	NaN	NaN	NaN	
Stool95	96.0	NaN	NaN	NaN	NaN	NaN	NaN	NaN	NaN	NaN	NaN	
Stool96	97.0	NaN	NaN	NaN	NaN	NaN	NaN	NaN	NaN	NaN	NaN	
Stool97	98.0	NaN	NaN	NaN	NaN	NaN	NaN	NaN	NaN	NaN	NaN	
Stool98	99.0	NaN	NaN	NaN	NaN	NaN	NaN	NaN	NaN	NaN	NaN	
Stool99	100.0	NaN	NaN	NaN	NaN	NaN	NaN	NaN	NaN	NaN	NaN	
Stool100	101.0	NaN	NaN	NaN	NaN	NaN	NaN	NaN	NaN	NaN	NaN	
Stool101	102.0	NaN	NaN	NaN	NaN	NaN	NaN	NaN	NaN	NaN	NaN	
Stool102	103.0	NaN	NaN	NaN	NaN	NaN	NaN	NaN	NaN	NaN	NaN	
Stool103	105.0	NaN	NaN	NaN	NaN	NaN	NaN	NaN	NaN	NaN	NaN	
Stool104	106.0	NaN	NaN	NaN	NaN	NaN	NaN	NaN	NaN	NaN	NaN	
Stool106	107.0	NaN	NaN	NaN	NaN	NaN	NaN	NaN	NaN	NaN	NaN	
Stool107	108.0	NaN	NaN	NaN	NaN	NaN	NaN	NaN	NaN	NaN	NaN	
Stool108	112.0	NaN	NaN	NaN	NaN	NaN	NaN	NaN	NaN	NaN	NaN	
Stool109	113.0	NaN	NaN	NaN	NaN	NaN	NaN	NaN	NaN	NaN	NaN	
Stool110	114.0	NaN	NaN	NaN	NaN	NaN	NaN	NaN	NaN	NaN	NaN	
Stool111	115.0	NaN	NaN	NaN	NaN	NaN	NaN	NaN	NaN	NaN	NaN	
Stool112	116.0	NaN	NaN	NaN	NaN	NaN	NaN	NaN	NaN	NaN	NaN	
Stool113	117.0	NaN	NaN	NaN	NaN	NaN	NaN	NaN	NaN	NaN	NaN	
Stool114	118.0	NaN	NaN	NaN	NaN	NaN	NaN	NaN	NaN	NaN	NaN	
Stool115	119.0	NaN	NaN	NaN	NaN	NaN	NaN	NaN	NaN	NaN	NaN	
Stool116	120.0	NaN	NaN	NaN	NaN	NaN	NaN	NaN	NaN	NaN	NaN	
Stool118	122.0	NaN	NaN	NaN	NaN	NaN	NaN	NaN	NaN	NaN	NaN	
Stool119	123.0	239.4299951	1008.059999	149.8784001	285.26	28.45899979	9.5	44.23349936	13.86764004	2219.070002	54.67840004	
Stool120	124.0	904.5943415	1670.862747	205.3646251	211.508791	59.37695664	18.70350058	72.88138199	29.39380952	1363.200165	84.24777492	
Stool121	125.0	391.5507813	2339.964478	251.6982555	474.7600098	104.6849737	8.266233683	71.1196326	30.75041652	4096.103683	120.2250004	
Stool122	126.0	608.2325716	2862.192436	403.0494894	235.3499985	65.02882417	29.80787505	92.79711705	21.96244113	2843.051487	139.4128814	
Stool123	127.0	817.2040141	2271.057537	355.3778343	244.175952	63.28867469	47.91550045	94.98510027	26.40497	1629.64437	134.9660064	
Stool124	128.0	1014.95	3114.139996	482.3836003	506.6799965	82.37889989	41.81399995	125.8289996	24.56593002	4731.959993	174.2951999	
Stool125	129.0	1251.753319	4219.569958	638.3764284	625.7399998	127.2658997	33.78500009	149.8079988	35.44035994	6072.616638	158.8667998	
Stool126	134.0	1010.0	1590.0	216.0	80.0	60.0	6.5	51.5	19.25	2335.0	128.5	
Stool127	135.0	897.1849966	1611.108536	205.9121056	292.4199963	40.85067487	12.76407702	104.3941342	13.19184267	1002.226677	119.9804865	
Stool128	136.0	1036.52	1653.312672	211.9596901	190.28	56.59200015	18.18000007	61.17864788	26.75644002	1432.468737	137.0832899	
Stool129	138.0	1820.42	1124.26268	158.2822909	82.0	30.80039962	21.48099998	40.98984802	12.10025981	1609.28873	25.36068965	
Stool130	139.0	311.5200005	1808.239998	191.1728197	398.5000012	65.39628029	14.78240001	64.59694004	23.05124213	2275.326009	45.67069995	
Stool131	140.0	615.5200019	1164.699997	124.9838386	338.3600006	27.30676025	4.524799943	81.18267963	5.94418405	1851.09199	29.98059988	
Stool132	141.0	773.9650006	2339.177501	302.237798	417.0900002	64.97000014	18.10800007	134.1738981	16.16284001	3198.679996	138.682699	
Stool133	142.0	338.2590027	2267.088005	297.0646208	336.3600006	79.28926045	21.50255013	105.8734641	27.81775303	3939.753502	63.28350002	
Stool134	143.0	1051.600001	1758.688736	267.1650829	265.830986	53.80240002	5.792000055	54.97879207	23.8214601	1363.83071	135.3029437	
Stool135	144.0	658.9500008	3185.427521	529.9580338	270.1100006	51.37949972	28.62999976	117.3689992	15.39451	3316.510826	124.9595984	
Stool136	146.0	357.9000015	2341.930013	338.8096405	395.2200012	74.69056015	18.22279984	81.93667996	27.40142411	1964.652004	187.5410007	
Stool137	147.0	597.0700045	1990.940029	330.556206	417.6399994	38.75830042	15.14700001	81.89400238	7.459810108	2044.460007	174.8233996	
Stool138	148.0	343.1299982	2220.03069	407.8157024	146.3599997	36.43799886	14.95299983	73.86829996	8.241000008	1599.136141	194.7396479	
Stool139	149.0	495.9000015	1726.100021	202.7881002	222.2600098	71.7815004	9.714999914	66.24709904	15.01571027	1392.990051	69.0158006	
Stool140	150.0	630.0	1546.0	221.0	99.10000038	52.5	13.8499999	44.5	20.30000019	1873.0	115.0	
Stool141	151.0	1079.710001	1780.209981	248.6494007	184.8900013	59.02269983	8.353000045	61.07769966	27.3387301	2018.249987	118.3381991	
Stool142	152.0	1320.54	2057.770009	305.5086021	142.5	65.48980001	19.63200003	63.53460026	23.6264	2769.82	127.079	
Stool143	153.0	673.5899997	2401.830006	308.2676046	219.3600031	102.5872985	12.34500012	70.01240073	35.53013026	3140.440024	121.9045999	
Stool144	154.0	439.0499978	4027.000016	358.7390051	514.7999954	129.1832017	10.24100012	245.8056995	46.69978015	5173.749988	96.46529914	
Stool145	155.0	451.059999	1567.480003	173.5723968	66.59999847	72.34049946	10.46333313	42.33946681	27.15296964	2334.21999	66.99566364	
Stool146	156.0	846.5414982	2632.502721	385.6418495	247.9449837	87.90922914	13.55739999	83.76353014	26.39420214	1117.241194	213.0827434	
Stool147	157.0	69.1899991	1074.570011	170.7663012	122.3499985	21.42834996	9.21299988	51.43479896	7.058004986	369.899998	60.21609832	
Stool148	158.0	644.1799994	1562.060005	230.0921017	50.0	26.12239996	6.046999753	80.36539984	7.852659993	1034.759951	59.17900001	
Stool149	159.0	355.3499999	2282.110009	292.7992992	50.0	73.87740001	9.934999943	67.9296999	24.51517001	2794.729995	89.56400001	
Stool150	160.0	384.0800023	1312.500409	79.83852458	250.6399994	48.54260017	3.749333292	70.31896317	16.76133001	2302.330003	2.646166686	
Stool151	161.0	636.506997	3225.741006	400.7691532	323.9940075	139.743849	19.91470077	100.3709508	58.58204286	5738.884131	210.13207	
Stool152	162.0	672.8780005	2116.543022	353.2141094	150.8399963	42.18170005	19.02159991	81.3644993	14.28345646	1335.339986	182.7272601	
Stool154	163.0	480.6579995	2023.015035	268.0577042	147.1619964	66.39039989	23.85700011	92.76029906	19.68356027	1440.996993	107.0008002	
Stool155	164.0	611.54	1530.410001	270.0624008	100.0	33.49620003	11.03600001	45.76680005	15.15706001	1879.1	149.6327991	
Stool156	165.0	319.4799995	1653.74	244.2000008	50.0	47.69480038	9.200000048	45.16880035	19.50948	2831.98	154.5	
Stool157	166.0	804.3800035	2151.820019	350.9303041	468.5400009	46.38120069	9.32799989	90.23510182	13.54222997	5314.090003	193.0447	
Stool158	167.0	734.4899998	1758.595006	272.5860004	64.5	60.02490038	5.955000043	41.39990044	21.18024001	1379.615	177.34125	
Stool159	168.0	540.0	2074.5	259.4000015	503.0	75.60000038	1.799999952	98.40000153	14.79999995	4029.5	115.3999996	
Stool160	169.0	700.54	1301.670003	199.8886032	44.40000153	42.89979985	2.282000065	34.61460114	17.00640012	1877.390007	105.079	
Stool161	170.0	300.7480249	1316.967361	207.1881866	70.62661266	40.89772132	15.62628275	42.10629177	17.87536073	1552.875563	63.57172347	
Stool162	171.0	322.04	1284.580011	134.4553986	79.0	66.34599999	11.19799995	44.51910019	12.55501	1400.33	24.15700001	
Stool163	172.0	412.6399999	1477.820004	214.7043011	260.0	54.0186	23.06600001	53.90950012	16.56557	1679.78	92.7395	
Stool164	173.0	266.8099918	2601.129987	296.7270031	384.3999969	116.1653988	14.16299963	82.73379946	50.2241097	4097.389981	124.7979968	
Stool165	174.0	561.7700005	2692.47997	211.9057026	553.0199915	144.2727966	9.323000431	122.3271982	51.16932899	2409.250002	129.8770014	
Stool166	175.0	502.6399999	1417.070004	203.7543011	132.5	46.7686	6.316000015	46.40950012	14.06557	2873.53	91.0395	
Stool167	176.0	447.3099995	2089.420003	309.0049973	151.7000008	74.70080042	14.5	54.42040038	16.05615997	2623.689989	128.5	
Stool168	177.0	451.4299998	2207.483731	313.5867805	276.6409836	70.68319984	8.07100001	88.75569165	21.4304702	2116.935708	148.5046933	
Stool169	178.0	654.9800024	1789.13001	248.0086018	301.1399994	58.67380002	17.33200002	67.18500233	15.28216005	2097.920006	47.9790002	
Stool170	179.0	809.8049967	2907.300004	334.7817986	430.0200074	83.52759995	27.80750068	123.6582508	31.15594982	2711.655005	79.61844982	
Stool171	180.0	534.7399998	1802.37	239.0	122.5	70.0474	6.5	60.78439999	18.25474	1772.24	133.75	
Stool172	181.0	671.880002	1590.088351	237.476219	215.6399994	42.08820042	10.26000053	52.51898572	5.434120066	1029.970006	100.8192182	
Stool173	182.0	408.8399994	2556.439992	337.1836701	388.0250015	80.48037969	4.481899992	132.0515401	33.36263193	5011.571	171.6988	
Stool174	183.0	783.8149941	2236.320027	335.1482928	338.0599976	77.45269785	20.92250068	73.65725017	37.46071986	2897.84496	157.1910492	
Stool175	184.0	435.8400021	1412.270001	227.6179992	440.0	33.13240004	9.819999933	49.95040011	8.581040005	1516.34	123.2980014	
Stool176	185.0	68.83999968	1568.789998	235.2438002	690.0	38.36739999	9.139999986	59.93279982	10.13101999	2055.219996	53.86999989	
Stool177	186.0	444.2199993	1522.125096	215.7289944	127.3000031	46.14740038	13.20000005	62.5746007	18.05474019	2526.962265	112.2154922	
Stool178	187.0	463.1400008	2263.760015	215.8346024	99.75	65.49609996	12.02450006	81.00739999	14.23177484	1245.284983	41.29200001	
Stool179	189.0	261.9990015	2913.61799	330.2738209	197.0699959	117.4752604	15.21455003	109.571565	29.23553319	3045.54349	60.50149948	
Stool180	190.0	213.6849995	2447.020823	278.9228669	350.635	73.48554941	17.61450001	86.37865049	30.9472051	1893.568897	100.6743175	
Stool181	191.0	281.8599987	2134.13001	276.4752026	650.8399963	66.23839989	20.24000001	79.5619993	22.04832041	1678.579996	67.06000018	
Stool182	192.0	357.405	1827.430001	250.220401	75.0	60.78849977	42.39950038	56.09455109	13.15103	2420.204998	60.90674982	
Stool183	193.0	278.8449996	1504.408898	245.9887922	0.0	36.87256046	37.21918626	38.61633313	8.524570037	2333.966122	81.35752662	
Stool184	194.0	257.6250007	2651.760006	359.887006	182.7200012	74.96950006	22.23950066	101.6285493	26.49038984	2061.244982	104.2267498	
Stool185	195.0	436.7900009	2619.832715	304.0792913	584.9000092	95.12080005	5.612000048	74.75724936	29.35350002	2808.958737	82.86068965	
Stool186	196.0	309.79	2745.570017	333.9950018	375.2200012	93.6879999	4.264000058	109.8591986	25.72211997	3358.489975	87.65800001	
Stool187	197.0	230.1524998	1613.147789	316.6344841	30.0	27.00817129	36.73712156	39.11753964	9.016594999	715.854747	153.0484285	
Stool188	198.0	341.5635471	1725.114308	310.348259	47.70560837	37.23128796	32.00676608	40.11946487	13.31062615	2865.05662	148.3851323	
Stool284	199.0	284.6471004	2076.07861	365.9685173	111.4112167	49.51317573	29.86553228	51.15052938	18.76983231	3343.613245	174.4168646	
Stool285	200.0	920.8000002	1961.470014	287.2226019	166.6399994	48.65780047	22.84799999	67.5906024	21.39772005	3861.580004	102.1968	
Stool286	201.0	316.5899992	1827.532659	252.9631357	222.0	49.27919984	10.77399979	76.74669731	15.79598495	4335.713731	111.2409397	
Stool287	202.0	224.7399998	1863.175008	241.7119026	295.0	64.0474	12.0	49.28439999	13.10474002	3830.1335	75.79710007	
Stool288	203.0	NaN	NaN	NaN	NaN	NaN	NaN	NaN	NaN	NaN	NaN	
Stool289	204.0	NaN	NaN	NaN	NaN	NaN	NaN	NaN	NaN	NaN	NaN	
Stool290	205.0	NaN	NaN	NaN	NaN	NaN	NaN	NaN	NaN	NaN	NaN	
Stool291	206.0	NaN	NaN	NaN	NaN	NaN	NaN	NaN	NaN	NaN	NaN	
Stool292	207.0	NaN	NaN	NaN	NaN	NaN	NaN	NaN	NaN	NaN	NaN	
Stool293	209.0	NaN	NaN	NaN	NaN	NaN	NaN	NaN	NaN	NaN	NaN	
Stool294	210.0	NaN	NaN	NaN	NaN	NaN	NaN	NaN	NaN	NaN	NaN	
Stool295	211.0	NaN	NaN	NaN	NaN	NaN	NaN	NaN	NaN	NaN	NaN	
Stool296	212.0	NaN	NaN	NaN	NaN	NaN	NaN	NaN	NaN	NaN	NaN	
Stool297	213.0	NaN	NaN	NaN	NaN	NaN	NaN	NaN	NaN	NaN	NaN	
Stool298	214.0	NaN	NaN	NaN	NaN	NaN	NaN	NaN	NaN	NaN	NaN	
Stool299	215.0	NaN	NaN	NaN	NaN	NaN	NaN	NaN	NaN	NaN	NaN	
Stool300	216.0	NaN	NaN	NaN	NaN	NaN	NaN	NaN	NaN	NaN	NaN	
Stool301	217.0	NaN	NaN	NaN	NaN	NaN	NaN	NaN	NaN	NaN	NaN	
Stool302	218.0	NaN	NaN	NaN	NaN	NaN	NaN	NaN	NaN	NaN	NaN	
Stool303	219.0	NaN	NaN	NaN	NaN	NaN	NaN	NaN	NaN	NaN	NaN	
Stool304	220.0	NaN	NaN	NaN	NaN	NaN	NaN	NaN	NaN	NaN	NaN	
Stool305	221.0	NaN	NaN	NaN	NaN	NaN	NaN	NaN	NaN	NaN	NaN	
Stool306	222.0	NaN	NaN	NaN	NaN	NaN	NaN	NaN	NaN	NaN	NaN	
Stool307	223.0	NaN	NaN	NaN	NaN	NaN	NaN	NaN	NaN	NaN	NaN	
Stool308	224.0	NaN	NaN	NaN	NaN	NaN	NaN	NaN	NaN	NaN	NaN	
Stool309	225.0	NaN	NaN	NaN	NaN	NaN	NaN	NaN	NaN	NaN	NaN	
Stool310	226.0	NaN	NaN	NaN	NaN	NaN	NaN	NaN	NaN	NaN	NaN	
Stool311	227.0	NaN	NaN	NaN	NaN	NaN	NaN	NaN	NaN	NaN	NaN	
Stool312	228.0	NaN	NaN	NaN	NaN	NaN	NaN	NaN	NaN	NaN	NaN	
Stool313	232.0	NaN	NaN	NaN	NaN	NaN	NaN	NaN	NaN	NaN	NaN	
Stool314	233.0	NaN	NaN	NaN	NaN	NaN	NaN	NaN	NaN	NaN	NaN	
Stool315	234.0	NaN	NaN	NaN	NaN	NaN	NaN	NaN	NaN	NaN	NaN	
Stool316	235.0	NaN	NaN	NaN	NaN	NaN	NaN	NaN	NaN	NaN	NaN	
Stool317	236.0	NaN	NaN	NaN	NaN	NaN	NaN	NaN	NaN	NaN	NaN	
Stool318	237.0	NaN	NaN	NaN	NaN	NaN	NaN	NaN	NaN	NaN	NaN	
Stool319	238.0	NaN	NaN	NaN	NaN	NaN	NaN	NaN	NaN	NaN	NaN	
Stool320	239.0	NaN	NaN	NaN	NaN	NaN	NaN	NaN	NaN	NaN	NaN	
Stool321	240.0	NaN	NaN	NaN	NaN	NaN	NaN	NaN	NaN	NaN	NaN	
Stool322	241.0	NaN	NaN	NaN	NaN	NaN	NaN	NaN	NaN	NaN	NaN	
Stool323	242.0	NaN	NaN	NaN	NaN	NaN	NaN	NaN	NaN	NaN	NaN	
Stool324	243.0	NaN	NaN	NaN	NaN	NaN	NaN	NaN	NaN	NaN	NaN	
Stool325	244.0	NaN	NaN	NaN	NaN	NaN	NaN	NaN	NaN	NaN	NaN	
Stool326	245.0	NaN	NaN	NaN	NaN	NaN	NaN	NaN	NaN	NaN	NaN	
Stool327	246.0	NaN	NaN	NaN	NaN	NaN	NaN	NaN	NaN	NaN	NaN	
Stool328	247.0	NaN	NaN	NaN	NaN	NaN	NaN	NaN	NaN	NaN	NaN	
Stool329	248.0	NaN	NaN	NaN	NaN	NaN	NaN	NaN	NaN	NaN	NaN	
Stool330	249.0	NaN	NaN	NaN	NaN	NaN	NaN	NaN	NaN	NaN	NaN	
Stool331	250.0	NaN	NaN	NaN	NaN	NaN	NaN	NaN	NaN	NaN	NaN	
Stool332	251.0	NaN	NaN	NaN	NaN	NaN	NaN	NaN	NaN	NaN	NaN	
Stool333	252.0	NaN	NaN	NaN	NaN	NaN	NaN	NaN	NaN	NaN	NaN	
Stool334	253.0	NaN	NaN	NaN	NaN	NaN	NaN	NaN	NaN	NaN	NaN	
Stool335	254.0	NaN	NaN	NaN	NaN	NaN	NaN	NaN	NaN	NaN	NaN	
Stool336	255.0	NaN	NaN	NaN	NaN	NaN	NaN	NaN	NaN	NaN	NaN	
Stool337	256.0	NaN	NaN	NaN	NaN	NaN	NaN	NaN	NaN	NaN	NaN	
Stool338	257.0	NaN	NaN	NaN	NaN	NaN	NaN	NaN	NaN	NaN	NaN	
Stool339	259.0	NaN	NaN	NaN	NaN	NaN	NaN	NaN	NaN	NaN	NaN	
Stool340	260.0	NaN	NaN	NaN	NaN	NaN	NaN	NaN	NaN	NaN	NaN	
Stool341	261.0	NaN	NaN	NaN	NaN	NaN	NaN	NaN	NaN	NaN	NaN	
Stool342	262.0	NaN	NaN	NaN	NaN	NaN	NaN	NaN	NaN	NaN	NaN	
Stool343	263.0	NaN	NaN	NaN	NaN	NaN	NaN	NaN	NaN	NaN	NaN	
Stool344	264.0	NaN	NaN	NaN	NaN	NaN	NaN	NaN	NaN	NaN	NaN	
Stool345	265.0	NaN	NaN	NaN	NaN	NaN	NaN	NaN	NaN	NaN	NaN	
Stool346	266.0	NaN	NaN	NaN	NaN	NaN	NaN	NaN	NaN	NaN	NaN	
Stool348	267.0	NaN	NaN	NaN	NaN	NaN	NaN	NaN	NaN	NaN	NaN	
Stool349	268.0	NaN	NaN	NaN	NaN	NaN	NaN	NaN	NaN	NaN	NaN	
Stool347	269.0	NaN	NaN	NaN	NaN	NaN	NaN	NaN	NaN	NaN	NaN	
Stool350	271.0	NaN	NaN	NaN	NaN	NaN	NaN	NaN	NaN	NaN	NaN	
Stool351	272.0	NaN	NaN	NaN	NaN	NaN	NaN	NaN	NaN	NaN	NaN	
Stool352	273.0	NaN	NaN	NaN	NaN	NaN	NaN	NaN	NaN	NaN	NaN	
Stool353	274.0	NaN	NaN	NaN	NaN	NaN	NaN	NaN	NaN	NaN	NaN	
Stool354	275.0	NaN	NaN	NaN	NaN	NaN	NaN	NaN	NaN	NaN	NaN	
Stool355	276.0	NaN	NaN	NaN	NaN	NaN	NaN	NaN	NaN	NaN	NaN	
Stool357	277.0	NaN	NaN	NaN	NaN	NaN	NaN	NaN	NaN	NaN	NaN	
Stool358	279.0	NaN	NaN	NaN	NaN	NaN	NaN	NaN	NaN	NaN	NaN	
Stool359	280.0	NaN	NaN	NaN	NaN	NaN	NaN	NaN	NaN	NaN	NaN	
Stool360	281.0	NaN	NaN	NaN	NaN	NaN	NaN	NaN	NaN	NaN	NaN	
Stool361	282.0	NaN	NaN	NaN	NaN	NaN	NaN	NaN	NaN	NaN	NaN	
Stool362	283.0	NaN	NaN	NaN	NaN	NaN	NaN	NaN	NaN	NaN	NaN	
Stool363	284.0	NaN	NaN	NaN	NaN	NaN	NaN	NaN	NaN	NaN	NaN	
Stool364	285.0	NaN	NaN	NaN	NaN	NaN	NaN	NaN	NaN	NaN	NaN	
Stool365	286.0	NaN	NaN	NaN	NaN	NaN	NaN	NaN	NaN	NaN	NaN	
Stool366	287.0	NaN	NaN	NaN	NaN	NaN	NaN	NaN	NaN	NaN	NaN	
Stool367	288.0	NaN	NaN	NaN	NaN	NaN	NaN	NaN	NaN	NaN	NaN	
Stool368	289.0	NaN	NaN	NaN	NaN	NaN	NaN	NaN	NaN	NaN	NaN	
Stool369	290.0	NaN	NaN	NaN	NaN	NaN	NaN	NaN	NaN	NaN	NaN	
Stool370	291.0	NaN	NaN	NaN	NaN	NaN	NaN	NaN	NaN	NaN	NaN	
Stool371	292.0	NaN	NaN	NaN	NaN	NaN	NaN	NaN	NaN	NaN	NaN	
Stool372	293.0	NaN	NaN	NaN	NaN	NaN	NaN	NaN	NaN	NaN	NaN	
Stool373	295.0	NaN	NaN	NaN	NaN	NaN	NaN	NaN	NaN	NaN	NaN	
Stool374	296.0	NaN	NaN	NaN	NaN	NaN	NaN	NaN	NaN	NaN	NaN	
Stool375	297.0	NaN	NaN	NaN	NaN	NaN	NaN	NaN	NaN	NaN	NaN	
Stool376	298.0	NaN	NaN	NaN	NaN	NaN	NaN	NaN	NaN	NaN	NaN	
Stool377	299.0	NaN	NaN	NaN	NaN	NaN	NaN	NaN	NaN	NaN	NaN	
Stool378	300.0	NaN	NaN	NaN	NaN	NaN	NaN	NaN	NaN	NaN	NaN	
Stool189	301.0	NaN	NaN	NaN	NaN	NaN	NaN	NaN	NaN	NaN	NaN	
Stool190	302.0	NaN	NaN	NaN	NaN	NaN	NaN	NaN	NaN	NaN	NaN	
Stool191	303.0	NaN	NaN	NaN	NaN	NaN	NaN	NaN	NaN	NaN	NaN	
Stool192	304.0	NaN	NaN	NaN	NaN	NaN	NaN	NaN	NaN	NaN	NaN	
Stool193	305.0	NaN	NaN	NaN	NaN	NaN	NaN	NaN	NaN	NaN	NaN	
Stool194	306.0	NaN	NaN	NaN	NaN	NaN	NaN	NaN	NaN	NaN	NaN	
Stool195	307.0	NaN	NaN	NaN	NaN	NaN	NaN	NaN	NaN	NaN	NaN	
Stool196	308.0	NaN	NaN	NaN	NaN	NaN	NaN	NaN	NaN	NaN	NaN	
Stool197	309.0	NaN	NaN	NaN	NaN	NaN	NaN	NaN	NaN	NaN	NaN	
Stool198	310.0	NaN	NaN	NaN	NaN	NaN	NaN	NaN	NaN	NaN	NaN	
Stool199	311.0	NaN	NaN	NaN	NaN	NaN	NaN	NaN	NaN	NaN	NaN	
Stool200	312.0	NaN	NaN	NaN	NaN	NaN	NaN	NaN	NaN	NaN	NaN	
Stool201	313.0	NaN	NaN	NaN	NaN	NaN	NaN	NaN	NaN	NaN	NaN	
Stool202	314.0	NaN	NaN	NaN	NaN	NaN	NaN	NaN	NaN	NaN	NaN	
Stool203	315.0	NaN	NaN	NaN	NaN	NaN	NaN	NaN	NaN	NaN	NaN	
Stool204	316.0	NaN	NaN	NaN	NaN	NaN	NaN	NaN	NaN	NaN	NaN	
Stool205	317.0	NaN	NaN	NaN	NaN	NaN	NaN	NaN	NaN	NaN	NaN	
Stool206	318.0	NaN	NaN	NaN	NaN	NaN	NaN	NaN	NaN	NaN	NaN	
Stool207	322.0	NaN	NaN	NaN	NaN	NaN	NaN	NaN	NaN	NaN	NaN	
Stool208	323.0	NaN	NaN	NaN	NaN	NaN	NaN	NaN	NaN	NaN	NaN	
Stool209	324.0	NaN	NaN	NaN	NaN	NaN	NaN	NaN	NaN	NaN	NaN	
Stool210	325.0	NaN	NaN	NaN	NaN	NaN	NaN	NaN	NaN	NaN	NaN	
Stool211	326.0	NaN	NaN	NaN	NaN	NaN	NaN	NaN	NaN	NaN	NaN	
Stool212	327.0	NaN	NaN	NaN	NaN	NaN	NaN	NaN	NaN	NaN	NaN	
Stool213	328.0	NaN	NaN	NaN	NaN	NaN	NaN	NaN	NaN	NaN	NaN	
Stool214	329.0	NaN	NaN	NaN	NaN	NaN	NaN	NaN	NaN	NaN	NaN	
Stool215	330.0	NaN	NaN	NaN	NaN	NaN	NaN	NaN	NaN	NaN	NaN	
Stool216	331.0	NaN	NaN	NaN	NaN	NaN	NaN	NaN	NaN	NaN	NaN	
Stool217	332.0	NaN	NaN	NaN	NaN	NaN	NaN	NaN	NaN	NaN	NaN	
Stool218	333.0	NaN	NaN	NaN	NaN	NaN	NaN	NaN	NaN	NaN	NaN	
Stool219	334.0	NaN	NaN	NaN	NaN	NaN	NaN	NaN	NaN	NaN	NaN	
Stool220	335.0	NaN	NaN	NaN	NaN	NaN	NaN	NaN	NaN	NaN	NaN	
Stool221	336.0	NaN	NaN	NaN	NaN	NaN	NaN	NaN	NaN	NaN	NaN	
Stool222	337.0	NaN	NaN	NaN	NaN	NaN	NaN	NaN	NaN	NaN	NaN	
Stool223	338.0	NaN	NaN	NaN	NaN	NaN	NaN	NaN	NaN	NaN	NaN	
Stool224	339.0	NaN	NaN	NaN	NaN	NaN	NaN	NaN	NaN	NaN	NaN	
Stool225	340.0	NaN	NaN	NaN	NaN	NaN	NaN	NaN	NaN	NaN	NaN	
Stool226	341.0	NaN	NaN	NaN	NaN	NaN	NaN	NaN	NaN	NaN	NaN	
Stool227	342.0	NaN	NaN	NaN	NaN	NaN	NaN	NaN	NaN	NaN	NaN	
Stool228	343.0	NaN	NaN	NaN	NaN	NaN	NaN	NaN	NaN	NaN	NaN	
Stool229	344.0	NaN	NaN	NaN	NaN	NaN	NaN	NaN	NaN	NaN	NaN	
Stool230	345.0	NaN	NaN	NaN	NaN	NaN	NaN	NaN	NaN	NaN	NaN	
Stool231	346.0	NaN	NaN	NaN	NaN	NaN	NaN	NaN	NaN	NaN	NaN	
Stool232	347.0	NaN	NaN	NaN	NaN	NaN	NaN	NaN	NaN	NaN	NaN	
Stool233	348.0	NaN	NaN	NaN	NaN	NaN	NaN	NaN	NaN	NaN	NaN	
Stool234	349.0	NaN	NaN	NaN	NaN	NaN	NaN	NaN	NaN	NaN	NaN	
Stool235	350.0	NaN	NaN	NaN	NaN	NaN	NaN	NaN	NaN	NaN	NaN	
Stool236	351.0	NaN	NaN	NaN	NaN	NaN	NaN	NaN	NaN	NaN	NaN	
Stool237	352.0	NaN	NaN	NaN	NaN	NaN	NaN	NaN	NaN	NaN	NaN	
Stool238	353.0	NaN	NaN	NaN	NaN	NaN	NaN	NaN	NaN	NaN	NaN	
Stool239	354.0	NaN	NaN	NaN	NaN	NaN	NaN	NaN	NaN	NaN	NaN	
Stool240	355.0	NaN	NaN	NaN	NaN	NaN	NaN	NaN	NaN	NaN	NaN	
Stool241	356.0	NaN	NaN	NaN	NaN	NaN	NaN	NaN	NaN	NaN	NaN	
Stool242	357.0	NaN	NaN	NaN	NaN	NaN	NaN	NaN	NaN	NaN	NaN	
Stool243	358.0	NaN	NaN	NaN	NaN	NaN	NaN	NaN	NaN	NaN	NaN	
Stool244	359.0	NaN	NaN	NaN	NaN	NaN	NaN	NaN	NaN	NaN	NaN	
Stool245	360.0	NaN	NaN	NaN	NaN	NaN	NaN	NaN	NaN	NaN	NaN	
Stool246	361.0	NaN	NaN	NaN	NaN	NaN	NaN	NaN	NaN	NaN	NaN	
Stool247	364.0	NaN	NaN	NaN	NaN	NaN	NaN	NaN	NaN	NaN	NaN	
